1.99
2.99
3.99
4.99
5.99
6.99
7.99
8.99
9.99
10.98
11.98
12.98
13.98
14.98
15.98
16.98
17.98
18.98
19.98
20.97
21.97
22.97
23.97
24.97
25.97
26.97
27.97
28.97
29.96
30.96
31.96
32.96
33.96
34.96
35.96
36.96
37.96
38.96
39.95
40.95
41.95
42.95
43.95
44.95
45.95
46.95
47.95
48.95
49.94
50.94
51.94
52.94
53.94
54.94
55.94
56.94
57.94
58.94
59.94
60.93
61.93
62.93
63.93
64.93
65.93
66.93
67.92
68.92
69.92
70.92
71.92
72.92
73.92
74.91
75.91
76.91
77.91
78.91
79.91
80.91
81.91
82.91
83.91
84.90
85.90
86.90
87.90
88.90
89.90
90.90
91.90
92.90
93.89
94.89
95.89
96.89
97.89
98.89
99.89
100.89
